0.0000000000000000 10.0000000000000000 
0.0010010010010010 10.0000000000000000 
0.0020020020020020 10.0000000000000000 
0.0030030030030030 10.0000000000000000 
0.0040040040040040 10.0000000000000000 
0.0050050050050050 10.0000000000000000 
0.0060060060060060 10.0000000000000000 
0.0070070070070070 10.0000000000000000 
0.0080080080080080 10.0000000000000000 
0.0090090090090090 10.0000000000000000 
0.0100100100100100 10.0000000000000000 
0.0110110110110110 10.0000000000000000 
0.0120120120120120 10.0000000000000000 
0.0130130130130130 10.0000000000000000 
0.0140140140140140 10.0000000000000000 
0.0150150150150150 10.0000000000000000 
0.0160160160160160 10.0000000000000000 
0.0170170170170170 10.0000000000000000 
0.0180180180180180 10.0000000000000000 
0.0190190190190190 10.0000000000000000 
0.0200200200200200 10.0000000000000000 
0.0210210210210210 10.0000000000000000 
0.0220220220220220 10.0000000000000000 
0.0230230230230230 10.0000000000000000 
0.0240240240240240 10.0000000000000000 
0.0250250250250250 10.0000000000000000 
0.0260260260260260 10.0000000000000000 
0.0270270270270270 10.0000000000000000 
0.0280280280280280 10.0000000000000000 
0.0290290290290290 10.0000000000000000 
0.0300300300300300 10.0000000000000000 
0.0310310310310310 10.0000000000000000 
0.0320320320320320 10.0000000000000000 
0.0330330330330330 10.0000000000000000 
0.0340340340340340 10.0000000000000000 
0.0350350350350350 10.0000000000000000 
0.0360360360360360 10.0000000000000000 
0.0370370370370370 10.0000000000000000 
0.0380380380380380 10.0000000000000000 
0.0390390390390390 10.0000000000000000 
0.0400400400400400 10.0000000000000000 
0.0410410410410410 10.0000000000000000 
0.0420420420420420 10.0000000000000000 
0.0430430430430430 10.0000000000000000 
0.0440440440440440 10.0000000000000000 
0.0450450450450450 10.0000000000000000 
0.0460460460460460 10.0000000000000000 
0.0470470470470470 10.0000000000000000 
0.0480480480480480 10.0000000000000000 
0.0490490490490490 10.0000000000000000 
0.0500500500500501 10.0000000000000000 
0.0510510510510511 10.0000000000000000 
0.0520520520520521 10.0000000000000000 
0.0530530530530531 10.0000000000000000 
0.0540540540540541 10.0000000000000000 
0.0550550550550551 10.0000000000000000 
0.0560560560560561 10.0000000000000000 
0.0570570570570571 10.0000000000000000 
0.0580580580580581 10.0000000000000000 
0.0590590590590591 10.0000000000000000 
0.0600600600600601 10.0000000000000000 
0.0610610610610611 10.0000000000000000 
0.0620620620620621 10.0000000000000000 
0.0630630630630631 10.0000000000000000 
0.0640640640640641 10.0000000000000000 
0.0650650650650651 10.0000000000000000 
0.0660660660660661 10.0000000000000000 
0.0670670670670671 10.0000000000000000 
0.0680680680680681 10.0000000000000000 
0.0690690690690691 10.0000000000000000 
0.0700700700700701 10.0000000000000000 
0.0710710710710711 10.0000000000000000 
0.0720720720720721 10.0000000000000000 
0.0730730730730731 10.0000000000000000 
0.0740740740740741 10.0000000000000000 
0.0750750750750751 10.0000000000000000 
0.0760760760760761 10.0000000000000000 
0.0770770770770771 10.0000000000000000 
0.0780780780780781 10.0000000000000000 
0.0790790790790791 10.0000000000000000 
0.0800800800800801 10.0000000000000000 
0.0810810810810811 10.0000000000000000 
0.0820820820820821 10.0000000000000000 
0.0830830830830831 10.0000000000000000 
0.0840840840840841 10.0000000000000000 
0.0850850850850851 10.0000000000000000 
0.0860860860860861 10.0000000000000000 
0.0870870870870871 10.0000000000000000 
0.0880880880880881 10.0000000000000000 
0.0890890890890891 10.0000000000000000 
0.0900900900900901 10.0000000000000000 
0.0910910910910911 10.0000000000000000 
0.0920920920920921 10.0000000000000000 
0.0930930930930931 10.0000000000000000 
0.0940940940940941 10.0000000000000000 
0.0950950950950951 10.0000000000000000 
0.0960960960960961 10.0000000000000000 
0.0970970970970971 10.0000000000000000 
0.0980980980980981 10.0000000000000000 
0.0990990990990991 10.0000000000000000 
0.1001001001001001 10.0000000000000000 
0.1011011011011011 10.0000000000000000 
0.1021021021021021 10.0000000000000000 
0.1031031031031031 10.0000000000000000 
0.1041041041041041 10.0000000000000000 
0.1051051051051051 10.0000000000000000 
0.1061061061061061 10.0000000000000000 
0.1071071071071071 10.0000000000000000 
0.1081081081081081 10.0000000000000000 
0.1091091091091091 10.0000000000000000 
0.1101101101101101 10.0000000000000000 
0.1111111111111111 10.0000000000000000 
0.1121121121121121 10.0000000000000000 
0.1131131131131131 10.0000000000000000 
0.1141141141141141 10.0000000000000000 
0.1151151151151151 10.0000000000000000 
0.1161161161161161 10.0000000000000000 
0.1171171171171171 10.0000000000000000 
0.1181181181181181 10.0000000000000000 
0.1191191191191191 10.0000000000000000 
0.1201201201201201 10.0000000000000000 
0.1211211211211211 10.0000000000000000 
0.1221221221221221 10.0000000000000000 
0.1231231231231231 10.0000000000000000 
0.1241241241241241 10.0000000000000000 
0.1251251251251251 10.0000000000000000 
0.1261261261261261 10.0000000000000000 
0.1271271271271271 10.0000000000000000 
0.1281281281281281 10.0000000000000000 
0.1291291291291291 10.0000000000000000 
0.1301301301301301 10.0000000000000000 
0.1311311311311311 10.0000000000000000 
0.1321321321321321 10.0000000000000000 
0.1331331331331331 10.0000000000000000 
0.1341341341341341 10.0000000000000000 
0.1351351351351351 10.0000000000000000 
0.1361361361361361 10.0000000000000000 
0.1371371371371371 10.0000000000000000 
0.1381381381381381 10.0000000000000000 
0.1391391391391391 10.0000000000000000 
0.1401401401401401 10.0000000000000000 
0.1411411411411412 10.0000000000000000 
0.1421421421421421 10.0000000000000000 
0.1431431431431431 10.0000000000000000 
0.1441441441441441 10.0000000000000000 
0.1451451451451451 10.0000000000000000 
0.1461461461461462 10.0000000000000000 
0.1471471471471471 10.0000000000000000 
0.1481481481481481 10.0000000000000000 
0.1491491491491491 10.0000000000000000 
0.1501501501501502 10.0000000000000000 
0.1511511511511512 10.0000000000000000 
0.1521521521521522 10.0000000000000000 
0.1531531531531531 10.0000000000000000 
0.1541541541541541 10.0000000000000000 
0.1551551551551552 10.0000000000000000 
0.1561561561561562 10.0000000000000000 
0.1571571571571572 10.0000000000000000 
0.1581581581581581 10.0000000000000000 
0.1591591591591592 10.0000000000000000 
0.1601601601601602 10.0000000000000000 
0.1611611611611612 10.0000000000000000 
0.1621621621621622 10.0000000000000000 
0.1631631631631631 10.0000000000000000 
0.1641641641641642 10.0000000000000000 
0.1651651651651652 10.0000000000000000 
0.1661661661661662 10.0000000000000000 
0.1671671671671672 10.0000000000000000 
0.1681681681681682 10.0000000000000000 
0.1691691691691692 10.0000000000000000 
0.1701701701701702 10.0000000000000000 
0.1711711711711712 10.0000000000000000 
0.1721721721721722 10.0000000000000000 
0.1731731731731732 10.0000000000000000 
0.1741741741741742 10.0000000000000000 
0.1751751751751752 10.0000000000000000 
0.1761761761761762 10.0000000000000000 
0.1771771771771772 10.0000000000000000 
0.1781781781781782 10.0000000000000000 
0.1791791791791792 10.0000000000000000 
0.1801801801801802 10.0000000000000000 
0.1811811811811812 10.0000000000000000 
0.1821821821821822 10.0000000000000000 
0.1831831831831832 10.0000000000000000 
0.1841841841841842 10.0000000000000000 
0.1851851851851852 10.0000000000000000 
0.1861861861861862 10.0000000000000000 
0.1871871871871872 10.0000000000000000 
0.1881881881881882 10.0000000000000000 
0.1891891891891892 10.0000000000000000 
0.1901901901901902 10.0000000000000000 
0.1911911911911912 10.0000000000000000 
0.1921921921921922 10.0000000000000000 
0.1931931931931932 10.0000000000000000 
0.1941941941941942 10.0000000000000000 
0.1951951951951952 10.0000000000000000 
0.1961961961961962 10.0000000000000000 
0.1971971971971972 10.0000000000000000 
0.1981981981981982 10.0000000000000000 
0.1991991991991992 10.0000000000000000 
0.2002002002002002 10.0000000000000000 
0.2012012012012012 10.0000000000000000 
0.2022022022022022 10.0000000000000000 
0.2032032032032032 10.0000000000000000 
0.2042042042042042 10.0000000000000000 
0.2052052052052052 10.0000000000000000 
0.2062062062062062 10.0000000000000000 
0.2072072072072072 10.0000000000000000 
0.2082082082082082 10.0000000000000000 
0.2092092092092092 10.0000000000000000 
0.2102102102102102 10.0000000000000000 
0.2112112112112112 10.0000000000000000 
0.2122122122122122 10.0000000000000000 
0.2132132132132132 10.0000000000000000 
0.2142142142142142 10.0000000000000000 
0.2152152152152152 10.0000000000000000 
0.2162162162162162 10.0000000000000000 
0.2172172172172172 10.0000000000000000 
0.2182182182182182 10.0000000000000000 
0.2192192192192192 10.0000000000000000 
0.2202202202202202 10.0000000000000000 
0.2212212212212212 10.0000000000000000 
0.2222222222222222 10.0000000000000000 
0.2232232232232232 10.0000000000000000 
0.2242242242242242 10.0000000000000000 
0.2252252252252252 10.0000000000000000 
0.2262262262262262 10.0000000000000000 
0.2272272272272272 10.0000000000000000 
0.2282282282282282 10.0000000000000000 
0.2292292292292292 10.0000000000000000 
0.2302302302302302 10.0000000000000000 
0.2312312312312312 10.0000000000000000 
0.2322322322322322 10.0000000000000000 
0.2332332332332332 10.0000000000000000 
0.2342342342342342 10.0000000000000000 
0.2352352352352352 10.0000000000000000 
0.2362362362362362 10.0000000000000000 
0.2372372372372372 10.0000000000000000 
0.2382382382382382 10.0000000000000000 
0.2392392392392392 10.0000000000000000 
0.2402402402402402 10.0000000000000000 
0.2412412412412412 10.0000000000000000 
0.2422422422422423 10.0000000000000000 
0.2432432432432433 10.0000000000000000 
0.2442442442442442 10.0000000000000000 
0.2452452452452452 10.0000000000000000 
0.2462462462462462 10.0000000000000000 
0.2472472472472473 10.0000000000000000 
0.2482482482482483 10.0000000000000000 
0.2492492492492492 10.0000000000000000 
0.2502502502502503 10.0000000000000000 
0.2512512512512513 10.0000000000000000 
0.2522522522522522 10.0000000000000000 
0.2532532532532533 10.0000000000000000 
0.2542542542542542 10.0000000000000000 
0.2552552552552553 10.0000000000000000 
0.2562562562562563 10.0000000000000000 
0.2572572572572572 10.0000000000000000 
0.2582582582582583 10.0000000000000000 
0.2592592592592592 10.0000000000000000 
0.2602602602602603 10.0000000000000000 
0.2612612612612613 10.0000000000000000 
0.2622622622622622 10.0000000000000000 
0.2632632632632633 10.0000000000000000 
0.2642642642642642 10.0000000000000000 
0.2652652652652653 10.0000000000000000 
0.2662662662662663 10.0000000000000000 
0.2672672672672673 10.0000000000000000 
0.2682682682682683 10.0000000000000000 
0.2692692692692693 10.0000000000000000 
0.2702702702702703 10.0000000000000000 
0.2712712712712713 10.0000000000000000 
0.2722722722722723 10.0000000000000000 
0.2732732732732733 10.0000000000000000 
0.2742742742742743 10.0000000000000000 
0.2752752752752753 10.0000000000000000 
0.2762762762762763 10.0000000000000000 
0.2772772772772773 10.0000000000000000 
0.2782782782782783 10.0000000000000000 
0.2792792792792793 10.0000000000000000 
0.2802802802802803 10.0000000000000000 
0.2812812812812813 10.0000000000000000 
0.2822822822822823 10.0000000000000000 
0.2832832832832833 10.0000000000000000 
0.2842842842842843 10.0000000000000000 
0.2852852852852853 10.0000000000000000 
0.2862862862862863 10.0000000000000000 
0.2872872872872873 10.0000000000000000 
0.2882882882882883 10.0000000000000000 
0.2892892892892893 10.0000000000000000 
0.2902902902902903 10.0000000000000000 
0.2912912912912913 10.0000000000000000 
0.2922922922922923 10.0000000000000000 
0.2932932932932933 10.0000000000000000 
0.2942942942942943 10.0000000000000000 
0.2952952952952953 10.0000000000000000 
0.2962962962962963 10.0000000000000000 
0.2972972972972973 10.0000000000000000 
0.2982982982982983 10.0000000000000000 
0.2992992992992993 10.0000000000000000 
0.3003003003003003 10.0000000000000000 
0.3013013013013013 10.0000000000000000 
0.3023023023023023 10.0000000000000000 
0.3033033033033033 10.0000000000000000 
0.3043043043043043 10.0000000000000000 
0.3053053053053053 10.0000000000000000 
0.3063063063063063 10.0000000000000000 
0.3073073073073073 10.0000000000000000 
0.3083083083083083 10.0000000000000000 
0.3093093093093093 10.0000000000000000 
0.3103103103103103 10.0000000000000000 
0.3113113113113113 10.0000000000000000 
0.3123123123123123 10.0000000000000000 
0.3133133133133133 10.0000000000000000 
0.3143143143143143 10.0000000000000000 
0.3153153153153153 10.0000000000000000 
0.3163163163163163 10.0000000000000000 
0.3173173173173173 10.0000000000000000 
0.3183183183183183 10.0000000000000000 
0.3193193193193193 10.0000000000000000 
0.3203203203203203 10.0000000000000000 
0.3213213213213213 10.0000000000000000 
0.3223223223223223 10.0000000000000000 
0.3233233233233233 10.0000000000000000 
0.3243243243243243 10.0000000000000000 
0.3253253253253253 10.0000000000000000 
0.3263263263263263 10.0000000000000000 
0.3273273273273273 10.0000000000000000 
0.3283283283283283 10.0000000000000000 
0.3293293293293293 10.0000000000000000 
0.3303303303303303 10.0000000000000000 
0.3313313313313314 10.0000000000000000 
0.3323323323323323 10.0000000000000000 
0.3333333333333333 10.0000000000000000 
0.3343343343343343 10.0000000000000000 
0.3353353353353353 10.0000000000000000 
0.3363363363363364 10.0000000000000000 
0.3373373373373373 10.0000000000000000 
0.3383383383383383 10.0000000000000000 
0.3393393393393394 10.0000000000000000 
0.3403403403403403 10.0000000000000000 
0.3413413413413414 10.0000000000000000 
0.3423423423423423 10.0000000000000000 
0.3433433433433433 10.0000000000000000 
0.3443443443443444 10.0000000000000000 
0.3453453453453453 10.0000000000000000 
0.3463463463463464 10.0000000000000000 
0.3473473473473473 10.0000000000000000 
0.3483483483483483 10.0000000000000000 
0.3493493493493494 10.0000000000000000 
0.3503503503503503 10.0000000000000000 
0.3513513513513514 10.0000000000000000 
0.3523523523523523 10.0000000000000000 
0.3533533533533533 10.0000000000000000 
0.3543543543543544 10.0000000000000000 
0.3553553553553553 10.0000000000000000 
0.3563563563563564 10.0000000000000000 
0.3573573573573574 10.0000000000000000 
0.3583583583583583 10.0000000000000000 
0.3593593593593594 10.0000000000000000 
0.3603603603603603 10.0000000000000000 
0.3613613613613614 10.0000000000000000 
0.3623623623623624 10.0000000000000000 
0.3633633633633634 10.0000000000000000 
0.3643643643643644 10.0000000000000000 
0.3653653653653653 10.0000000000000000 
0.3663663663663664 10.0000000000000000 
0.3673673673673674 10.0000000000000000 
0.3683683683683684 10.0000000000000000 
0.3693693693693694 10.0000000000000000 
0.3703703703703703 10.0000000000000000 
0.3713713713713714 10.0000000000000000 
0.3723723723723724 10.0000000000000000 
0.3733733733733734 10.0000000000000000 
0.3743743743743744 10.0000000000000000 
0.3753753753753754 10.0000000000000000 
0.3763763763763764 10.0000000000000000 
0.3773773773773774 10.0000000000000000 
0.3783783783783784 10.0000000000000000 
0.3793793793793794 10.0000000000000000 
0.3803803803803804 10.0000000000000000 
0.3813813813813814 10.0000000000000000 
0.3823823823823824 10.0000000000000000 
0.3833833833833834 10.0000000000000000 
0.3843843843843844 10.0000000000000000 
0.3853853853853854 10.0000000000000000 
0.3863863863863864 10.0000000000000000 
0.3873873873873874 10.0000000000000000 
0.3883883883883884 10.0000000000000000 
0.3893893893893894 10.0000000000000000 
0.3903903903903904 10.0000000000000000 
0.3913913913913914 10.0000000000000000 
0.3923923923923924 10.0000000000000000 
0.3933933933933934 10.0000000000000000 
0.3943943943943944 10.0000000000000000 
0.3953953953953954 10.0000000000000000 
0.3963963963963964 10.0000000000000000 
0.3973973973973974 10.0000000000000000 
0.3983983983983984 10.0000000000000000 
0.3993993993993994 10.0000000000000000 
0.4004004004004004 10.0000000000000000 
0.4014014014014014 10.0000000000000000 
0.4024024024024024 10.0000000000000000 
0.4034034034034034 10.0000000000000000 
0.4044044044044044 10.0000000000000000 
0.4054054054054054 10.0000000000000000 
0.4064064064064064 10.0000000000000000 
0.4074074074074074 10.0000000000000000 
0.4084084084084084 10.0000000000000000 
0.4094094094094094 10.0000000000000000 
0.4104104104104104 10.0000000000000000 
0.4114114114114114 10.0000000000000000 
0.4124124124124124 10.0000000000000000 
0.4134134134134134 10.0000000000000000 
0.4144144144144144 10.0000000000000000 
0.4154154154154154 10.0000000000000000 
0.4164164164164164 10.0000000000000000 
0.4174174174174174 10.0000000000000000 
0.4184184184184184 10.0000000000000000 
0.4194194194194194 10.0000000000000000 
0.4204204204204204 10.0000000000000000 
0.4214214214214214 10.0000000000000000 
0.4224224224224224 10.0000000000000000 
0.4234234234234234 10.0000000000000000 
0.4244244244244244 10.0000000000000000 
0.4254254254254254 10.0000000000000000 
0.4264264264264264 10.0000000000000000 
0.4274274274274275 10.0000000000000000 
0.4284284284284284 10.0000000000000000 
0.4294294294294294 10.0000000000000000 
0.4304304304304304 10.0000000000000000 
0.4314314314314314 10.0000000000000000 
0.4324324324324325 10.0000000000000000 
0.4334334334334334 10.0000000000000000 
0.4344344344344344 10.0000000000000000 
0.4354354354354354 10.0000000000000000 
0.4364364364364364 10.0000000000000000 
0.4374374374374375 10.0000000000000000 
0.4384384384384384 10.0000000000000000 
0.4394394394394394 10.0000000000000000 
0.4404404404404405 10.0000000000000000 
0.4414414414414414 10.0000000000000000 
0.4424424424424425 10.0000000000000000 
0.4434434434434434 10.0000000000000000 
0.4444444444444444 10.0000000000000000 
0.4454454454454455 10.0000000000000000 
0.4464464464464464 10.0000000000000000 
0.4474474474474475 10.0000000000000000 
0.4484484484484484 10.0000000000000000 
0.4494494494494494 10.0000000000000000 
0.4504504504504505 10.0000000000000000 
0.4514514514514514 10.0000000000000000 
0.4524524524524525 10.0000000000000000 
0.4534534534534534 10.0000000000000000 
0.4544544544544545 10.0000000000000000 
0.4554554554554555 10.0000000000000000 
0.4564564564564564 10.0000000000000000 
0.4574574574574575 10.0000000000000000 
0.4584584584584585 10.0000000000000000 
0.4594594594594595 10.0000000000000000 
0.4604604604604605 10.0000000000000000 
0.4614614614614614 10.0000000000000000 
0.4624624624624625 10.0000000000000000 
0.4634634634634635 10.0000000000000000 
0.4644644644644645 10.0000000000000000 
0.4654654654654655 10.0000000000000000 
0.4664664664664664 10.0000000000000000 
0.4674674674674675 10.0000000000000000 
0.4684684684684685 10.0000000000000000 
0.4694694694694695 10.0000000000000000 
0.4704704704704705 10.0000000000000000 
0.4714714714714714 10.0000000000000000 
0.4724724724724725 10.0000000000000000 
0.4734734734734735 10.0000000000000000 
0.4744744744744745 10.0000000000000000 
0.4754754754754755 10.0000000000000000 
0.4764764764764765 10.0000000000000000 
0.4774774774774775 10.0000000000000000 
0.4784784784784785 10.0000000000000000 
0.4794794794794795 10.0000000000000000 
0.4804804804804805 10.0000000000000000 
0.4814814814814815 10.0000000000000000 
0.4824824824824825 10.0000000000000000 
0.4834834834834835 10.0000000000000000 
0.4844844844844845 10.0000000000000000 
0.4854854854854855 10.0000000000000000 
0.4864864864864865 10.0000000000000000 
0.4874874874874875 10.0000000000000000 
0.4884884884884885 10.0000000000000000 
0.4894894894894895 10.0000000000000000 
0.4904904904904905 10.0000000000000000 
0.4914914914914915 10.0000000000000000 
0.4924924924924925 10.0000000000000000 
0.4934934934934935 10.0000000000000000 
0.4944944944944945 10.0000000000000000 
0.4954954954954955 10.0000000000000000 
0.4964964964964965 10.0000000000000000 
0.4974974974974975 10.0000000000000000 
0.4984984984984985 10.0000000000000000 
0.4994994994994995 10.0000000000000000 
0.5005005005005005 10.0000000000000000 
0.5015015015015015 10.0000000000000000 
0.5025025025025025 10.0000000000000000 
0.5035035035035035 10.0000000000000000 
0.5045045045045045 10.0000000000000000 
0.5055055055055055 10.0000000000000000 
0.5065065065065065 10.0000000000000000 
0.5075075075075075 10.0000000000000000 
0.5085085085085085 10.0000000000000000 
0.5095095095095095 10.0000000000000000 
0.5105105105105106 10.0000000000000000 
0.5115115115115115 10.0000000000000000 
0.5125125125125125 10.0000000000000000 
0.5135135135135135 10.0000000000000000 
0.5145145145145145 10.0000000000000000 
0.5155155155155156 10.0000000000000000 
0.5165165165165165 10.0000000000000000 
0.5175175175175175 10.0000000000000000 
0.5185185185185185 10.0000000000000000 
0.5195195195195195 10.0000000000000000 
0.5205205205205206 10.0000000000000000 
0.5215215215215215 10.0000000000000000 
0.5225225225225225 10.0000000000000000 
0.5235235235235235 10.0000000000000000 
0.5245245245245245 10.0000000000000000 
0.5255255255255256 10.0000000000000000 
0.5265265265265265 10.0000000000000000 
0.5275275275275275 10.0000000000000000 
0.5285285285285285 10.0000000000000000 
0.5295295295295295 10.0000000000000000 
0.5305305305305306 10.0000000000000000 
0.5315315315315315 10.0000000000000000 
0.5325325325325325 10.0000000000000000 
0.5335335335335335 10.0000000000000000 
0.5345345345345346 10.0000000000000000 
0.5355355355355356 10.0000000000000000 
0.5365365365365365 10.0000000000000000 
0.5375375375375375 10.0000000000000000 
0.5385385385385385 10.0000000000000000 
0.5395395395395396 10.0000000000000000 
0.5405405405405406 10.0000000000000000 
0.5415415415415415 10.0000000000000000 
0.5425425425425425 10.0000000000000000 
0.5435435435435435 10.0000000000000000 
0.5445445445445446 10.0000000000000000 
0.5455455455455456 10.0000000000000000 
0.5465465465465466 10.0000000000000000 
0.5475475475475475 10.0000000000000000 
0.5485485485485485 10.0000000000000000 
0.5495495495495496 10.0000000000000000 
0.5505505505505506 10.0000000000000000 
0.5515515515515516 10.0000000000000000 
0.5525525525525525 10.0000000000000000 
0.5535535535535535 10.0000000000000000 
0.5545545545545546 10.0000000000000000 
0.5555555555555556 10.0000000000000000 
0.5565565565565566 10.0000000000000000 
0.5575575575575575 10.0000000000000000 
0.5585585585585585 10.0000000000000000 
0.5595595595595596 10.0000000000000000 
0.5605605605605606 10.0000000000000000 
0.5615615615615616 10.0000000000000000 
0.5625625625625625 10.0000000000000000 
0.5635635635635635 10.0000000000000000 
0.5645645645645646 10.0000000000000000 
0.5655655655655656 10.0000000000000000 
0.5665665665665666 10.0000000000000000 
0.5675675675675675 10.0000000000000000 
0.5685685685685685 10.0000000000000000 
0.5695695695695696 10.0000000000000000 
0.5705705705705706 10.0000000000000000 
0.5715715715715716 10.0000000000000000 
0.5725725725725725 10.0000000000000000 
0.5735735735735735 10.0000000000000000 
0.5745745745745746 10.0000000000000000 
0.5755755755755756 10.0000000000000000 
0.5765765765765766 10.0000000000000000 
0.5775775775775776 10.0000000000000000 
0.5785785785785785 10.0000000000000000 
0.5795795795795796 10.0000000000000000 
0.5805805805805806 10.0000000000000000 
0.5815815815815816 10.0000000000000000 
0.5825825825825826 10.0000000000000000 
0.5835835835835835 10.0000000000000000 
0.5845845845845846 10.0000000000000000 
0.5855855855855856 10.0000000000000000 
0.5865865865865866 10.0000000000000000 
0.5875875875875876 10.0000000000000000 
0.5885885885885885 10.0000000000000000 
0.5895895895895896 10.0000000000000000 
0.5905905905905906 10.0000000000000000 
0.5915915915915916 10.0000000000000000 
0.5925925925925926 10.0000000000000000 
0.5935935935935935 10.0000000000000000 
0.5945945945945946 10.0000000000000000 
0.5955955955955956 10.0000000000000000 
0.5965965965965966 10.0000000000000000 
0.5975975975975976 10.0000000000000000 
0.5985985985985987 10.0000000000000000 
0.5995995995995996 10.0000000000000000 
0.6006006006006006 10.0000000000000000 
0.6016016016016016 10.0000000000000000 
0.6026026026026026 10.0000000000000000 
0.6036036036036037 10.0000000000000000 
0.6046046046046046 10.0000000000000000 
0.6056056056056056 10.0000000000000000 
0.6066066066066066 10.0000000000000000 
0.6076076076076076 10.0000000000000000 
0.6086086086086087 10.0000000000000000 
0.6096096096096096 10.0000000000000000 
0.6106106106106106 10.0000000000000000 
0.6116116116116116 10.0000000000000000 
0.6126126126126126 10.0000000000000000 
0.6136136136136137 10.0000000000000000 
0.6146146146146146 10.0000000000000000 
0.6156156156156156 10.0000000000000000 
0.6166166166166166 10.0000000000000000 
0.6176176176176176 10.0000000000000000 
0.6186186186186187 10.0000000000000000 
0.6196196196196196 10.0000000000000000 
0.6206206206206206 10.0000000000000000 
0.6216216216216216 10.0000000000000000 
0.6226226226226226 10.0000000000000000 
0.6236236236236237 10.0000000000000000 
0.6246246246246246 10.0000000000000000 
0.6256256256256256 10.0000000000000000 
0.6266266266266266 10.0000000000000000 
0.6276276276276276 10.0000000000000000 
0.6286286286286287 10.0000000000000000 
0.6296296296296297 10.0000000000000000 
0.6306306306306306 10.0000000000000000 
0.6316316316316316 10.0000000000000000 
0.6326326326326326 10.0000000000000000 
0.6336336336336337 10.0000000000000000 
0.6346346346346347 10.0000000000000000 
0.6356356356356356 10.0000000000000000 
0.6366366366366366 10.0000000000000000 
0.6376376376376376 10.0000000000000000 
0.6386386386386387 10.0000000000000000 
0.6396396396396397 10.0000000000000000 
0.6406406406406406 10.0000000000000000 
0.6416416416416416 10.0000000000000000 
0.6426426426426426 10.0000000000000000 
0.6436436436436437 10.0000000000000000 
0.6446446446446447 10.0000000000000000 
0.6456456456456456 10.0000000000000000 
0.6466466466466466 10.0000000000000000 
0.6476476476476476 10.0000000000000000 
0.6486486486486487 10.0000000000000000 
0.6496496496496497 10.0000000000000000 
0.6506506506506506 10.0000000000000000 
0.6516516516516516 10.0000000000000000 
0.6526526526526526 10.0000000000000000 
0.6536536536536537 10.0000000000000000 
0.6546546546546547 10.0000000000000000 
0.6556556556556556 10.0000000000000000 
0.6566566566566566 10.0000000000000000 
0.6576576576576577 10.0000000000000000 
0.6586586586586587 10.0000000000000000 
0.6596596596596597 10.0000000000000000 
0.6606606606606606 10.0000000000000000 
0.6616616616616616 10.0000000000000000 
0.6626626626626627 10.0000000000000000 
0.6636636636636637 10.0000000000000000 
0.6646646646646647 10.0000000000000000 
0.6656656656656657 10.0000000000000000 
0.6666666666666666 10.0000000000000000 
0.6676676676676677 10.0000000000000000 
0.6686686686686687 10.0000000000000000 
0.6696696696696697 10.0000000000000000 
0.6706706706706707 10.0000000000000000 
0.6716716716716716 10.0000000000000000 
0.6726726726726727 10.0000000000000000 
0.6736736736736737 10.0000000000000000 
0.6746746746746747 10.0000000000000000 
0.6756756756756757 10.0000000000000000 
0.6766766766766766 10.0000000000000000 
0.6776776776776777 10.0000000000000000 
0.6786786786786787 10.0000000000000000 
0.6796796796796797 10.0000000000000000 
0.6806806806806807 10.0000000000000000 
0.6816816816816816 10.0000000000000000 
0.6826826826826827 10.0000000000000000 
0.6836836836836837 10.0000000000000000 
0.6846846846846847 10.0000000000000000 
0.6856856856856857 10.0000000000000000 
0.6866866866866866 10.0000000000000000 
0.6876876876876877 10.0000000000000000 
0.6886886886886887 10.0000000000000000 
0.6896896896896897 10.0000000000000000 
0.6906906906906907 10.0000000000000000 
0.6916916916916916 10.0000000000000000 
0.6926926926926927 10.0000000000000000 
0.6936936936936937 10.0000000000000000 
0.6946946946946947 10.0000000000000000 
0.6956956956956957 10.0000000000000000 
0.6966966966966966 10.0000000000000000 
0.6976976976976977 10.0000000000000000 
0.6986986986986987 10.0000000000000000 
0.6996996996996997 10.0000000000000000 
0.7007007007007007 -4.0000000000000000 
0.7017017017017017 -4.0000000000000000 
0.7027027027027027 -4.0000000000000000 
0.7037037037037037 -4.0000000000000000 
0.7047047047047047 -4.0000000000000000 
0.7057057057057057 -4.0000000000000000 
0.7067067067067067 -4.0000000000000000 
0.7077077077077077 -4.0000000000000000 
0.7087087087087087 -4.0000000000000000 
0.7097097097097097 -4.0000000000000000 
0.7107107107107107 -4.0000000000000000 
0.7117117117117117 -4.0000000000000000 
0.7127127127127127 -4.0000000000000000 
0.7137137137137137 -4.0000000000000000 
0.7147147147147147 -4.0000000000000000 
0.7157157157157157 -4.0000000000000000 
0.7167167167167167 -4.0000000000000000 
0.7177177177177178 -4.0000000000000000 
0.7187187187187187 -4.0000000000000000 
0.7197197197197197 -4.0000000000000000 
0.7207207207207207 -4.0000000000000000 
0.7217217217217218 -4.0000000000000000 
0.7227227227227228 -4.0000000000000000 
0.7237237237237237 -4.0000000000000000 
0.7247247247247247 -4.0000000000000000 
0.7257257257257257 -4.0000000000000000 
0.7267267267267268 -4.0000000000000000 
0.7277277277277278 -4.0000000000000000 
0.7287287287287287 -4.0000000000000000 
0.7297297297297297 -4.0000000000000000 
0.7307307307307307 -4.0000000000000000 
0.7317317317317318 -4.0000000000000000 
0.7327327327327328 -4.0000000000000000 
0.7337337337337337 -4.0000000000000000 
0.7347347347347347 -4.0000000000000000 
0.7357357357357357 -4.0000000000000000 
0.7367367367367368 -4.0000000000000000 
0.7377377377377378 -4.0000000000000000 
0.7387387387387387 -4.0000000000000000 
0.7397397397397397 -4.0000000000000000 
0.7407407407407407 -4.0000000000000000 
0.7417417417417418 -4.0000000000000000 
0.7427427427427428 -4.0000000000000000 
0.7437437437437437 -4.0000000000000000 
0.7447447447447447 -4.0000000000000000 
0.7457457457457457 -4.0000000000000000 
0.7467467467467468 -4.0000000000000000 
0.7477477477477478 -4.0000000000000000 
0.7487487487487487 -4.0000000000000000 
0.7497497497497497 -4.0000000000000000 
0.7507507507507507 -4.0000000000000000 
0.7517517517517518 -4.0000000000000000 
0.7527527527527528 -4.0000000000000000 
0.7537537537537538 -4.0000000000000000 
0.7547547547547547 -4.0000000000000000 
0.7557557557557557 -4.0000000000000000 
0.7567567567567568 -4.0000000000000000 
0.7577577577577578 -4.0000000000000000 
0.7587587587587588 -4.0000000000000000 
0.7597597597597597 -4.0000000000000000 
0.7607607607607607 -4.0000000000000000 
0.7617617617617618 -4.0000000000000000 
0.7627627627627628 -4.0000000000000000 
0.7637637637637638 -4.0000000000000000 
0.7647647647647647 -4.0000000000000000 
0.7657657657657657 -4.0000000000000000 
0.7667667667667668 -4.0000000000000000 
0.7677677677677678 -4.0000000000000000 
0.7687687687687688 -4.0000000000000000 
0.7697697697697697 -4.0000000000000000 
0.7707707707707707 -4.0000000000000000 
0.7717717717717718 -4.0000000000000000 
0.7727727727727728 -4.0000000000000000 
0.7737737737737738 -4.0000000000000000 
0.7747747747747747 -4.0000000000000000 
0.7757757757757757 -4.0000000000000000 
0.7767767767767768 -4.0000000000000000 
0.7777777777777778 -4.0000000000000000 
0.7787787787787788 -4.0000000000000000 
0.7797797797797797 -4.0000000000000000 
0.7807807807807807 -4.0000000000000000 
0.7817817817817818 -4.0000000000000000 
0.7827827827827828 -4.0000000000000000 
0.7837837837837838 -4.0000000000000000 
0.7847847847847848 -4.0000000000000000 
0.7857857857857858 -4.0000000000000000 
0.7867867867867868 -4.0000000000000000 
0.7877877877877878 -4.0000000000000000 
0.7887887887887888 -4.0000000000000000 
0.7897897897897898 -4.0000000000000000 
0.7907907907907908 -4.0000000000000000 
0.7917917917917918 -4.0000000000000000 
0.7927927927927928 -4.0000000000000000 
0.7937937937937938 -4.0000000000000000 
0.7947947947947948 -4.0000000000000000 
0.7957957957957958 -4.0000000000000000 
0.7967967967967968 -4.0000000000000000 
0.7977977977977978 -4.0000000000000000 
0.7987987987987988 -4.0000000000000000 
0.7997997997997998 -4.0000000000000000 
0.8008008008008008 -4.0000000000000000 
0.8018018018018018 -4.0000000000000000 
0.8028028028028028 -4.0000000000000000 
0.8038038038038038 -4.0000000000000000 
0.8048048048048048 -4.0000000000000000 
0.8058058058058059 -4.0000000000000000 
0.8068068068068068 -4.0000000000000000 
0.8078078078078078 -4.0000000000000000 
0.8088088088088088 -4.0000000000000000 
0.8098098098098098 -4.0000000000000000 
0.8108108108108109 -4.0000000000000000 
0.8118118118118118 -4.0000000000000000 
0.8128128128128128 -4.0000000000000000 
0.8138138138138138 -4.0000000000000000 
0.8148148148148148 -4.0000000000000000 
0.8158158158158159 -4.0000000000000000 
0.8168168168168168 -4.0000000000000000 
0.8178178178178178 -4.0000000000000000 
0.8188188188188188 -4.0000000000000000 
0.8198198198198198 -4.0000000000000000 
0.8208208208208209 -4.0000000000000000 
0.8218218218218218 -4.0000000000000000 
0.8228228228228228 -4.0000000000000000 
0.8238238238238238 -4.0000000000000000 
0.8248248248248248 -4.0000000000000000 
0.8258258258258259 -4.0000000000000000 
0.8268268268268268 -4.0000000000000000 
0.8278278278278278 -4.0000000000000000 
0.8288288288288288 -4.0000000000000000 
0.8298298298298298 -4.0000000000000000 
0.8308308308308309 -4.0000000000000000 
0.8318318318318318 -4.0000000000000000 
0.8328328328328328 -4.0000000000000000 
0.8338338338338338 -4.0000000000000000 
0.8348348348348348 -4.0000000000000000 
0.8358358358358359 -4.0000000000000000 
0.8368368368368369 -4.0000000000000000 
0.8378378378378378 -4.0000000000000000 
0.8388388388388388 -4.0000000000000000 
0.8398398398398398 -4.0000000000000000 
0.8408408408408409 -4.0000000000000000 
0.8418418418418419 -4.0000000000000000 
0.8428428428428428 -4.0000000000000000 
0.8438438438438438 -4.0000000000000000 
0.8448448448448449 -4.0000000000000000 
0.8458458458458459 -4.0000000000000000 
0.8468468468468469 -4.0000000000000000 
0.8478478478478478 -4.0000000000000000 
0.8488488488488488 -4.0000000000000000 
0.8498498498498499 -4.0000000000000000 
0.8508508508508509 -4.0000000000000000 
0.8518518518518519 -4.0000000000000000 
0.8528528528528528 -4.0000000000000000 
0.8538538538538538 -4.0000000000000000 
0.8548548548548549 -4.0000000000000000 
0.8558558558558559 -4.0000000000000000 
0.8568568568568569 -4.0000000000000000 
0.8578578578578578 -4.0000000000000000 
0.8588588588588588 -4.0000000000000000 
0.8598598598598599 -4.0000000000000000 
0.8608608608608609 -4.0000000000000000 
0.8618618618618619 -4.0000000000000000 
0.8628628628628628 -4.0000000000000000 
0.8638638638638638 -4.0000000000000000 
0.8648648648648649 -4.0000000000000000 
0.8658658658658659 -4.0000000000000000 
0.8668668668668669 -4.0000000000000000 
0.8678678678678678 -4.0000000000000000 
0.8688688688688688 -4.0000000000000000 
0.8698698698698699 -4.0000000000000000 
0.8708708708708709 -4.0000000000000000 
0.8718718718718719 -4.0000000000000000 
0.8728728728728729 -4.0000000000000000 
0.8738738738738738 -4.0000000000000000 
0.8748748748748749 -4.0000000000000000 
0.8758758758758759 -4.0000000000000000 
0.8768768768768769 -4.0000000000000000 
0.8778778778778779 -4.0000000000000000 
0.8788788788788788 -4.0000000000000000 
0.8798798798798799 -4.0000000000000000 
0.8808808808808809 -4.0000000000000000 
0.8818818818818819 -4.0000000000000000 
0.8828828828828829 -4.0000000000000000 
0.8838838838838838 -4.0000000000000000 
0.8848848848848849 -4.0000000000000000 
0.8858858858858859 -4.0000000000000000 
0.8868868868868869 -4.0000000000000000 
0.8878878878878879 -4.0000000000000000 
0.8888888888888888 -4.0000000000000000 
0.8898898898898899 -4.0000000000000000 
0.8908908908908909 -4.0000000000000000 
0.8918918918918919 -4.0000000000000000 
0.8928928928928929 -4.0000000000000000 
0.8938938938938938 -4.0000000000000000 
0.8948948948948949 -4.0000000000000000 
0.8958958958958959 -4.0000000000000000 
0.8968968968968969 -4.0000000000000000 
0.8978978978978979 -4.0000000000000000 
0.8988988988988988 -4.0000000000000000 
0.8998998998998999 -4.0000000000000000 
0.9009009009009009 -4.0000000000000000 
0.9019019019019019 -4.0000000000000000 
0.9029029029029029 -4.0000000000000000 
0.9039039039039038 -4.0000000000000000 
0.9049049049049049 -4.0000000000000000 
0.9059059059059059 -4.0000000000000000 
0.9069069069069069 -4.0000000000000000 
0.9079079079079079 -4.0000000000000000 
0.9089089089089090 -4.0000000000000000 
0.9099099099099099 -4.0000000000000000 
0.9109109109109109 -4.0000000000000000 
0.9119119119119119 -4.0000000000000000 
0.9129129129129129 -4.0000000000000000 
0.9139139139139140 -4.0000000000000000 
0.9149149149149149 -4.0000000000000000 
0.9159159159159159 -4.0000000000000000 
0.9169169169169169 -4.0000000000000000 
0.9179179179179179 -4.0000000000000000 
0.9189189189189190 -4.0000000000000000 
0.9199199199199199 -4.0000000000000000 
0.9209209209209209 -4.0000000000000000 
0.9219219219219219 -4.0000000000000000 
0.9229229229229229 -4.0000000000000000 
0.9239239239239240 -4.0000000000000000 
0.9249249249249250 -4.0000000000000000 
0.9259259259259259 -4.0000000000000000 
0.9269269269269269 -4.0000000000000000 
0.9279279279279279 -4.0000000000000000 
0.9289289289289290 -4.0000000000000000 
0.9299299299299300 -4.0000000000000000 
0.9309309309309309 -4.0000000000000000 
0.9319319319319319 -4.0000000000000000 
0.9329329329329329 -4.0000000000000000 
0.9339339339339340 -4.0000000000000000 
0.9349349349349350 -4.0000000000000000 
0.9359359359359359 -4.0000000000000000 
0.9369369369369369 -4.0000000000000000 
0.9379379379379379 -4.0000000000000000 
0.9389389389389390 -4.0000000000000000 
0.9399399399399400 -4.0000000000000000 
0.9409409409409409 -4.0000000000000000 
0.9419419419419419 -4.0000000000000000 
0.9429429429429429 -4.0000000000000000 
0.9439439439439440 -4.0000000000000000 
0.9449449449449450 -4.0000000000000000 
0.9459459459459459 -4.0000000000000000 
0.9469469469469469 -4.0000000000000000 
0.9479479479479479 -4.0000000000000000 
0.9489489489489490 -4.0000000000000000 
0.9499499499499500 -4.0000000000000000 
0.9509509509509509 -4.0000000000000000 
0.9519519519519519 -4.0000000000000000 
0.9529529529529529 -4.0000000000000000 
0.9539539539539540 -4.0000000000000000 
0.9549549549549550 -4.0000000000000000 
0.9559559559559559 -4.0000000000000000 
0.9569569569569569 -4.0000000000000000 
0.9579579579579579 -4.0000000000000000 
0.9589589589589590 -4.0000000000000000 
0.9599599599599600 -4.0000000000000000 
0.9609609609609610 -4.0000000000000000 
0.9619619619619619 -4.0000000000000000 
0.9629629629629629 -4.0000000000000000 
0.9639639639639640 -4.0000000000000000 
0.9649649649649650 -4.0000000000000000 
0.9659659659659660 -4.0000000000000000 
0.9669669669669669 -4.0000000000000000 
0.9679679679679679 -4.0000000000000000 
0.9689689689689690 -4.0000000000000000 
0.9699699699699700 -4.0000000000000000 
0.9709709709709710 -4.0000000000000000 
0.9719719719719719 -4.0000000000000000 
0.9729729729729730 -4.0000000000000000 
0.9739739739739740 -4.0000000000000000 
0.9749749749749750 -4.0000000000000000 
0.9759759759759760 -4.0000000000000000 
0.9769769769769769 -4.0000000000000000 
0.9779779779779780 -4.0000000000000000 
0.9789789789789790 -4.0000000000000000 
0.9799799799799800 -4.0000000000000000 
0.9809809809809810 -4.0000000000000000 
0.9819819819819819 -4.0000000000000000 
0.9829829829829830 -4.0000000000000000 
0.9839839839839840 -4.0000000000000000 
0.9849849849849850 -4.0000000000000000 
0.9859859859859860 -4.0000000000000000 
0.9869869869869869 -4.0000000000000000 
0.9879879879879880 -4.0000000000000000 
0.9889889889889890 -4.0000000000000000 
0.9899899899899900 -4.0000000000000000 
0.9909909909909910 -4.0000000000000000 
0.9919919919919920 -4.0000000000000000 
0.9929929929929930 -4.0000000000000000 
0.9939939939939940 -4.0000000000000000 
0.9949949949949950 -4.0000000000000000 
0.9959959959959960 -4.0000000000000000 
0.9969969969969970 -4.0000000000000000 
0.9979979979979980 -4.0000000000000000 
0.9989989989989990 -4.0000000000000000 
1.0000000000000000 -4.0000000000000000 
