-7.7734428644180298e-01,1.4680640697479248e+00,-2.6481878757476807e-01,-3.5241693258285522e-01,2.9740986227989197e-01,-1.0238124132156372e+00,-4.3241250514984131e-01,-9.4615602493286133e-01,-8.1653314828872681e-01,-5.5876147747039795e-01,6.3264387845993042e-01,1.9522771239280701e-02,-1.6377538442611694e-01,-8.8656556606292725e-01,3.8250988721847534e-01,-2.1285724639892578e+00,-1.4368635416030884e+00,1.2257579565048218e+00,-1.3993974924087524e+00,-3.4715715050697327e-01
-1.2824673652648926e+00,3.9674144983291626e-01,-4.1340646147727966e-01,-5.6532496213912964e-01,5.6582826375961304e-01,8.8453495502471924e-01,-2.3146698474884033e+00,1.6661182641983032e+00,2.9509478807449341e-01,-1.6492711007595062e-01,-1.6684199869632721e-01,3.5164096951484680e-01,-8.9274728298187256e-01,4.5317018032073975e-01,-5.3219270706176758e-01,5.9145021438598633e-01,3.1862533092498779e-01,1.4488306045532227e+00,-1.5629231929779053e+00,-4.1883164644241333e-01
1.7907636165618896e+00,-6.4835965633392334e-01,-8.9672064781188965e-01,-8.9445632696151733e-01,1.2032921314239502e+00,-1.2689768075942993e+00,-8.8055068254470825e-01,-1.1355383396148682e+00,8.0961996316909790e-01,-1.4965188503265381e+00,6.3873481750488281e-01,5.8805763721466064e-01,2.8080412745475769e-01,2.1000933647155762e-01,-3.6262694746255875e-02,-5.0390154123306274e-01,1.1329437494277954e+00,1.1359347105026245e+00,-8.1698471307754517e-01,-9.1606266796588898e-02
-1.0525581836700439e+00,-1.0950067639350891e-01,-1.3087296485900879e+00,-8.7191593647003174e-01,-4.5881548523902893e-01,-9.3635249137878418e-01,6.1802220344543457e-01,1.2089787721633911e+00,-7.1240890026092529e-01,-6.4916238188743591e-02,2.2364228963851929e-01,1.5146951191127300e-02,1.0790469646453857e+00,2.0956787467002869e-01,-4.6915911138057709e-02,4.2171108722686768e-01,9.2711791396141052e-02,-1.1029155254364014e+00,6.6641670465469360e-01,1.0380289703607559e-01
-5.2228957414627075e-01,-2.4302867054939270e-01,1.1664991378784180e+00,1.0981576442718506e+00,-2.0898227691650391e+00,-2.0393514633178711e-01,3.4316387772560120e-01,1.5061858296394348e-01,7.1645462512969971e-01,-1.0958505421876907e-01,-3.1016251444816589e-01,-1.1435709148645401e-01,-1.1367518901824951e+00,2.1015844345092773e+00,-7.2125828266143799e-01,1.6294668912887573e+00,-6.6972151398658752e-02,-7.5466521084308624e-02,6.8693143129348755e-01,5.2617732435464859e-02
1.4198436737060547e+00,-4.9432927370071411e-01,-2.4035966396331787e-01,-3.7006664276123047e-01,-6.5808099508285522e-01,-1.8252474069595337e+00,9.6580052375793457e-01,-4.9178889393806458e-01,-3.0054811388254166e-02,5.5390191078186035e-01,-1.9752347469329834e+00,-2.7393982410430908e+00,-2.4541169404983521e-01,1.1829515695571899e+00,-6.1652910709381104e-01,2.1231830120086670e-02,-1.3150203227996826e-01,1.0258607566356659e-01,1.1345647275447845e-01,-1.7890603542327881e+00
-9.2691010236740112e-01,1.0627174377441406e+00,5.3618448972702026e-01,8.7801349163055420e-01,6.1721447855234146e-02,1.5770572423934937e+00,7.0590215921401978e-01,2.2066204249858856e-01,-1.4764931201934814e+00,-2.5888986885547638e-02,-3.7859234213829041e-01,-5.3128357976675034e-03,-1.7539151012897491e-01,8.6961999535560608e-02,5.1559894345700741e-03,-8.2876336574554443e-01,-3.5690087080001831e-01,-5.8592343330383301e-01,-9.9647647142410278e-01,-3.4192861057817936e-03
-7.3088771104812622e-01,-2.1624480187892914e-01,-1.1043823957443237e+00,1.6688871383666992e+00,2.4539825916290283e+00,2.2658281326293945e+00,-5.5515736341476440e-01,-9.4393348693847656e-01,1.4578416347503662e+00,-1.0978156328201294e-01,4.3886083364486694e-01,5.0432318449020386e-01,3.0338835716247559e-01,-6.6471892595291138e-01,-1.7792695760726929e-01,1.7906187772750854e+00,1.2466956377029419e+00,6.2522429227828979e-01,4.6321418881416321e-01,7.0840942859649658e-01
-9.1769464313983917e-02,1.8229833841323853e+00,-1.2450186908245087e-01,-4.9584820866584778e-01,6.3415455818176270e-01,2.4615365266799927e-01,-4.4517964124679565e-01,7.9335981607437134e-01,-6.0345005989074707e-01,-1.0750691890716553e+00,-3.6351305246353149e-01,-1.2493252754211426e+00,-5.9518647193908691e-01,-7.5253522396087646e-01,-1.6657488346099854e+00,1.9559320211410522e+00,-1.7283356189727783e+00,4.8238568706437945e-04,1.5562760829925537e+00,-7.2333168983459473e-01
-2.7181801199913025e-01,9.3782389163970947e-01,1.2350488454103470e-01,3.2542526721954346e-01,7.4282062053680420e-01,3.2893273234367371e-01,-5.2170294523239136e-01,-1.4139863252639771e+00,5.9502285718917847e-01,-8.5946959257125854e-01,-1.9006758928298950e+00,-1.0954853296279907e+00,5.8578372001647949e-01,-3.4639590978622437e-01,-2.9214838147163391e-01,1.3783198595046997e-01,-1.1053620576858521e+00,1.1256428956985474e+00,4.9224011600017548e-02,6.8788401782512665e-02
8.9004856348037720e-01,-8.7292909622192383e-01,6.0387378931045532e-01,5.2597904205322266e-01,-3.5101464390754700e-01,2.0241746902465820e+00,-9.1252738237380981e-01,8.0907732248306274e-01,1.5755935907363892e+00,1.1829099655151367e+00,1.3394151926040649e+00,-2.1293756365776062e-01,-7.7035748958587646e-01,1.6972779035568237e+00,5.9237277507781982e-01,-1.5051722526550293e-01,6.8120348453521729e-01,-5.5782711505889893e-01,-4.8311692476272583e-01,-4.7392886132001877e-02
-1.7758905887603760e+00,6.5526616573333740e-01,1.2598966360092163e+00,-8.8250201940536499e-01,-8.6905938386917114e-01,7.6437644660472870e-02,3.5124680399894714e-01,-1.1415138244628906e+00,-1.0615019798278809e+00,-1.8726543188095093e+00,-5.8541524410247803e-01,-7.6387114822864532e-03,3.4058591723442078e-01,-4.5992219448089600e-01,2.4123324546962976e-03,-2.4445603787899017e-01,1.3180500268936157e-01,-1.0690078884363174e-01,6.4818412065505981e-02,-3.2220901921391487e-03
7.9403495788574219e-01,1.5416508913040161e-01,-8.0370640754699707e-01,1.4239183664321899e+00,1.1863650083541870e+00,-4.8076993227005005e-01,-8.7972992658615112e-01,-1.6115891933441162e+00,8.6035174131393433e-01,8.2718575000762939e-01,-4.4785228371620178e-01,-3.3157598227262497e-02,6.8357676267623901e-01,-8.2941406965255737e-01,2.2126533091068268e-01,1.5083356201648712e-01,-4.4567054510116577e-01,8.0661672353744507e-01,4.3164312839508057e-01,-1.3134392909705639e-02
5.4356127977371216e-01,-8.5903275012969971e-01,-1.3751586675643921e+00,-4.5432445406913757e-01,-4.8978310823440552e-01,7.1437925100326538e-01,-1.3785068988800049e+00,-1.7252355813980103e+00,-2.3536306619644165e-01,-2.2347040940076113e-03,-3.5529527813196182e-02,-1.4787908643484116e-02,1.0895626544952393e+00,1.8319571390748024e-02,1.0206305887550116e-03,-4.9918454885482788e-01,-2.8376418352127075e-01,-2.6644849777221680e-01,2.4286228418350220e-01,-1.0759366705315188e-04
-5.7090377807617188e-01,-6.8639558553695679e-01,-4.5307603478431702e-01,9.7441762685775757e-02,3.8128569722175598e-03,-3.8719052076339722e-01,-5.6372541189193726e-01,1.4862392097711563e-02,2.5463688373565674e+00,-2.3837091866880655e-03,4.3626412749290466e-02,-1.7066370695829391e-02,-7.1208542585372925e-01,1.0175799950957298e-02,2.3226505145430565e-03,-2.8535467386245728e-01,-1.6623551025986671e-02,-7.1470427513122559e-01,-6.9270297884941101e-02,-3.3366147545166314e-04
1.0259034633636475e+00,9.5033973455429077e-01,9.5068335533142090e-01,1.3684111833572388e-01,-2.8884735703468323e-01,3.6130103468894958e-01,3.8597497344017029e-01,4.0465492010116577e-01,2.6939824223518372e-01,-1.2334939241409302e+00,2.4217161536216736e-01,-1.5684313774108887e+00,4.2860695719718933e-01,-4.2893779277801514e-01,5.4786550998687744e-01,-5.7884347438812256e-01,-4.3659487366676331e-01,1.2940880656242371e-01,-3.0294054746627808e-01,9.1287279129028320e-01
-8.7330597639083862e-01,-4.0749859809875488e-01,-1.0212621092796326e-01,6.6430175304412842e-01,6.0829061269760132e-01,-8.3490186929702759e-01,6.0307049751281738e-01,1.0976799726486206e+00,-1.5257477760314941e-01,-8.4918045997619629e-01,2.4236238002777100e-01,6.9356662034988403e-01,2.1954557895660400e+00,-1.2297546863555908e+00,5.5376285314559937e-01,8.2080054283142090e-01,5.0066643953323364e-01,7.4949175119400024e-01,-1.3552540540695190e+00,-2.2815804183483124e-01
1.0276082754135132e+00,-3.2120400667190552e-01,4.8240816593170166e-01,-2.2915410995483398e+00,-2.5939786434173584e+00,7.0582282543182373e-01,-4.1331991553306580e-01,-6.7216050624847412e-01,4.0786957740783691e-01,-9.4771337509155273e-01,-8.0426442623138428e-01,-1.9239665940403938e-02,1.5161837339401245e+00,2.2456896305084229e+00,1.0926591157913208e+00,-9.8162657022476196e-01,-4.7250533103942871e-01,7.8968781232833862e-01,1.1908504366874695e-01,-1.2701711058616638e-01
6.2964457273483276e-01,5.9588485956192017e-01,-9.7574442625045776e-01,-6.2870997190475464e-01,-1.7161013185977936e-01,-1.9719580411911011e+00,-6.6134971380233765e-01,-4.9762675166130066e-01,3.1598117202520370e-02,-8.4863146767020226e-03,8.2933473587036133e-01,-1.6053643077611923e-02,-2.5440353155136108e-01,-9.7156064584851265e-03,1.5048492932692170e-03,1.3495525121688843e+00,2.0579323172569275e-01,-5.1674419641494751e-01,-3.8102620840072632e-01,-3.0611667898483574e-04
-2.3317614197731018e-01,-7.4299275875091553e-01,9.7728335857391357e-01,-2.3123930394649506e-01,6.4965617656707764e-01,7.3975592851638794e-01,-2.5614416599273682e-01,1.2047804594039917e+00,5.5054521560668945e-01,8.3461213111877441e-01,-9.9493825435638428e-01,-3.6920675635337830e-01,-1.6236896514892578e+00,-6.2091428041458130e-01,-5.8411055803298950e-01,9.4984120130538940e-01,-3.3477380871772766e-01,1.0256876945495605e+00,6.5983481705188751e-02,-4.5097234845161438e-01
