9.1814231872558594e-01,1.2272332906723022e+00,9.0741455554962158e-01,-6.7476385831832886e-01,-1.2787538766860962e+00,-4.5644524693489075e-01,-1.6388957202434540e-01,-1.1002976894378662e+00,-4.5157745480537415e-01,4.3807411566376686e-04,-4.3398869037628174e-01,-1.7813067138195038e-01,-4.3742311000823975e-01,1.6901863738894463e-02,-1.0425944328308105e+00,1.9055769443511963e+00,-4.8833525180816650e-01,1.0303915739059448e+00,8.0950908362865448e-02,5.8992904424667358e-01
-1.0401747189462185e-02,-9.3126976490020752e-01,-4.6651142835617065e-01,3.4608921408653259e-01,-5.3298217244446278e-04,-6.4688026905059814e-01,1.9254919607192278e-05,2.3661727027501911e-05,2.6675146818161011e-01,6.7973506450653076e-01,-3.5155925154685974e-01,-1.4058300852775574e-01,-3.6990940570831299e-01,-7.5786685943603516e-01,1.6702610254287720e-01,-6.6711142659187317e-02,1.0785061022033915e-05,-5.2864700555801392e-01,4.5214798301458359e-03,-3.2392317056655884e-01
-1.8424594774842262e-02,-3.8374099135398865e-01,1.4946947097778320e+00,-1.6588205099105835e-01,-7.7331590000540018e-04,8.9938294887542725e-01,2.9550281396950595e-05,8.5115680121816695e-05,5.0788146257400513e-01,-8.0648487806320190e-01,2.8146448731422424e-01,1.3491876423358917e-02,1.5970601141452789e-01,2.6908499002456665e-01,2.6161953806877136e-01,-8.5589307546615601e-01,7.9302590165752918e-06,5.6907095015048981e-02,9.2269964516162872e-03,1.0162772238254547e-01
6.8709772825241089e-01,-9.5278412103652954e-01,2.3404915630817413e-01,-5.5560547113418579e-01,2.1841997280716896e-02,-8.5377311706542969e-01,-2.8733423096127808e-04,1.1429750919342041e-01,1.1668361425399780e+00,-3.0628523230552673e-01,1.0228766202926636e+00,-1.2765265703201294e+00,6.7010277509689331e-01,-1.3641754388809204e+00,6.6522651910781860e-01,-8.1544977426528931e-01,2.4042513687163591e-03,5.3462481498718262e-01,1.9366495311260223e-02,7.9895693063735962e-01
-4.8445639014244080e-01,-1.2147421836853027e+00,-8.1566369533538818e-01,2.0345010757446289e+00,-1.8736569583415985e-01,6.6678541898727417e-01,5.1371622830629349e-02,-1.1660395860671997e+00,1.0698046684265137e+00,1.2553831338882446e+00,-1.6534745693206787e+00,-1.3420081138610840e+00,-1.1634118556976318e+00,-5.4451173543930054e-01,-4.5240759849548340e-01,-1.6523092985153198e-01,-1.4198589324951172e-01,-7.5850170850753784e-01,-1.3702070713043213e+00,5.6229346990585327e-01
-5.5985908955335617e-02,1.1719837188720703e+00,1.5515777282416821e-02,-2.1382899582386017e-01,3.5222098231315613e-01,-1.7146231234073639e-01,-9.0357530117034912e-01,-1.1197320222854614e+00,-6.1193954944610596e-01,2.4097340106964111e+00,-6.8870767951011658e-02,7.5178140401840210e-01,7.1685296297073364e-01,-5.9305155277252197e-01,4.7578388452529907e-01,6.0681620379909873e-04,-3.6887216567993164e-01,9.6152698993682861e-01,-1.8371051549911499e+00,3.9935737848281860e-01
6.7174178361892700e-01,1.2862016260623932e-01,-1.4503284692764282e+00,-2.1135009825229645e-01,-1.0213907808065414e-01,-6.8780326843261719e-01,-3.2344812061637640e-03,8.8379103690385818e-03,-6.6388636827468872e-01,-1.5778743028640747e+00,-1.0177043676376343e+00,3.4688037633895874e-01,1.6824208498001099e+00,-1.5352842807769775e+00,2.4169795215129852e-01,-5.0804334878921509e-01,-1.1826088652014732e-02,-5.7597666978836060e-01,-6.7527365172281861e-04,-8.8540412485599518e-02
-6.6152936220169067e-01,-2.8330823779106140e-01,-1.6429070234298706e+00,-9.1480180621147156e-02,1.9147358834743500e-02,-2.4850796163082123e-01,-9.2632360756397247e-03,1.6090860590338707e-02,-2.0457957684993744e-01,1.2909033298492432e+00,-3.4521728754043579e-01,6.4309486187994480e-03,1.7428373098373413e+00,1.2322874069213867e+00,-8.9233434200286865e-01,-2.0769605636596680e+00,-1.7305603250861168e-02,-4.5896998047828674e-01,-9.3726404011249542e-02,-6.8810659646987915e-01
-9.9278613924980164e-02,5.4272991418838501e-01,2.2625030949711800e-02,5.1159847527742386e-02,7.9762810468673706e-01,1.1444989442825317e+00,-1.9182733376510441e-04,5.5889919167384505e-05,1.0853022336959839e+00,-7.5067061185836792e-01,1.6546355485916138e+00,2.5303164124488831e-01,-3.0880346894264221e-01,3.7552380561828613e-01,9.5021569728851318e-01,-7.9729676246643066e-01,7.6855637598782778e-04,5.8573788404464722e-01,-2.1331181749701500e-02,3.8793230056762695e-01
1.0635530948638916e+00,5.7580029964447021e-01,1.9535277783870697e-01,3.7312185764312744e-01,-3.0206704512238503e-02,2.9838442802429199e-01,1.0295653191860765e-04,-4.5559331192635000e-04,-6.5436340868473053e-02,9.7633677721023560e-01,7.5322967767715454e-01,-1.8998666107654572e-01,1.0519132614135742e+00,-2.0345034599304199e+00,-7.4388194084167480e-01,1.0301066190004349e-01,-1.4827986015006900e-03,8.2989358901977539e-01,-9.9718618392944336e-01,3.5080355405807495e-01
3.5619971752166748e+00,4.6407598257064819e-01,1.2703666687011719e+00,5.7451546192169189e-01,-1.2284932136535645e+00,-6.8507719039916992e-01,1.1339270323514938e-01,1.0407092049717903e-02,7.5290387868881226e-01,8.2406425476074219e-01,3.9235973358154297e-01,-1.4245492219924927e+00,3.4295210242271423e-01,7.0096665620803833e-01,2.7302975654602051e+00,1.4675440788269043e+00,-7.0095628499984741e-02,-7.1519899368286133e-01,9.4695848226547241e-01,-3.4185642004013062e-01
-2.1640450954437256e+00,1.6425484418869019e+00,8.9137154817581177e-01,-4.6767050027847290e-01,8.8447904586791992e-01,1.0557115077972412e+00,-4.0096420794725418e-02,-2.3013001680374146e-01,-6.5415763854980469e-01,-3.6862960457801819e-01,-4.5375743508338928e-01,3.6943227052688599e-01,3.5428711771965027e-01,1.6886765956878662e+00,9.4593435525894165e-01,-1.6546689271926880e+00,-9.8483729362487793e-01,9.5324754714965820e-01,-9.9360847473144531e-01,-2.6609075069427490e-01
-1.0514957904815674e+00,-2.5107833743095398e-01,9.5447838306427002e-01,1.0790753364562988e+00,6.3565397262573242e-01,2.4842689037322998e+00,-5.0331038236618042e-01,-7.1887463331222534e-02,1.4389306306838989e+00,1.2378281354904175e+00,-8.7827235460281372e-02,-1.4991987943649292e+00,1.4244478940963745e-01,-8.3080381155014038e-01,-4.4443631172180176e-01,4.4334784150123596e-01,-4.5365247130393982e-01,-1.4896181821823120e+00,5.0098824501037598e-01,-1.6358701884746552e-01
-1.1996434926986694e+00,4.9603366851806641e-01,3.7905547022819519e-01,6.4819645881652832e-01,-3.7083581089973450e-01,-1.7295857667922974e+00,1.6824297606945038e-01,-1.0575003921985626e-01,-5.8953572064638138e-02,-9.2936950922012329e-01,9.4093298912048340e-01,5.1213890314102173e-01,2.8389593958854675e-01,-2.5238220691680908e+00,9.5440156757831573e-02,8.6204474791884422e-03,5.0568323582410812e-02,-2.1457436084747314e+00,4.6250689774751663e-02,1.7097250223159790e+00
1.1166250705718994e+00,1.8492512702941895e+00,-1.3861887454986572e+00,6.1583179235458374e-01,6.6717761754989624e-01,4.9069508910179138e-01,-4.1578933596611023e-01,-9.5146346092224121e-01,4.3953126668930054e-01,9.5243668556213379e-01,4.4123370200395584e-02,1.9761762619018555e+00,9.7530293464660645e-01,8.5866963863372803e-01,-1.5055930614471436e+00,5.2691876888275146e-01,6.7810058593750000e-01,-2.6122230291366577e-01,-1.3580834865570068e-01,-8.4190618991851807e-01
-3.8175860047340393e-01,1.0579806566238403e+00,-6.4124357700347900e-01,-6.1062031984329224e-01,2.4054365232586861e-02,5.4862821102142334e-01,1.4645348303020000e-02,-3.0807057023048401e-01,9.5112717151641846e-01,4.4663399457931519e-02,-1.6114541292190552e+00,-8.0104254186153412e-02,-7.0879936218261719e-01,1.0534361749887466e-01,-1.9094063043594360e+00,-7.6043385267257690e-01,1.3879705965518951e-01,-4.0000462532043457e-01,1.8963524103164673e+00,-7.9392147064208984e-01
-5.3060155361890793e-02,-3.3846482634544373e-01,-1.4961218833923340e-01,-3.2219240069389343e-01,-1.3399606104940176e-03,-8.0269271135330200e-01,-2.0109077013330534e-05,2.5890287361107767e-04,7.0617032051086426e-01,3.5328695178031921e-01,-7.8137940168380737e-01,1.9561093300580978e-02,-5.0121867656707764e-01,-1.0885735750198364e+00,-1.5283216536045074e-01,1.0813977718353271e+00,4.4708962377626449e-05,7.4533581733703613e-01,1.1690802872180939e-02,2.4851067364215851e-01
2.9395335912704468e-01,2.3422095179557800e-01,-1.4618231058120728e+00,2.1232182979583740e+00,4.3378299474716187e-01,-2.3071171343326569e-01,2.4077352881431580e-01,1.6297732591629028e+00,-6.6297525167465210e-01,-1.4344754219055176e+00,-8.3779519796371460e-01,-7.5889945030212402e-01,-6.3501739501953125e-01,1.6483429074287415e-01,-9.5570497214794159e-02,-2.8681373596191406e+00,6.6333305835723877e-01,-2.3067304491996765e-01,1.2429375648498535e+00,1.1923942565917969e+00
-6.7601615190505981e-01,-1.2206793576478958e-01,7.2606176137924194e-01,8.0757999420166016e-01,-1.8701079487800598e-01,7.4028503894805908e-01,3.8907748460769653e-01,-3.5011088848114014e-01,-9.8215854167938232e-01,-7.7968764305114746e-01,5.4919975996017456e-01,4.1864249110221863e-01,7.7684348821640015e-01,-1.3290597200393677e+00,1.5228167772293091e+00,-2.8741610050201416e-01,-6.7051637172698975e-01,2.1450920104980469e+00,-1.5414047241210938e-01,-2.3251423239707947e-01
-5.1552575826644897e-01,-6.8277144432067871e-01,2.1353764533996582e+00,-1.4288911819458008e+00,-1.9020524024963379e+00,6.0070085525512695e-01,-3.9724093675613403e-01,4.9068096280097961e-01,5.4177337884902954e-01,-7.9395169019699097e-01,1.7144496440887451e+00,-7.8135097026824951e-01,1.5517644882202148e+00,5.6436753273010254e-01,1.2580251693725586e+00,1.0960307121276855e+00,-1.0408731698989868e+00,-8.7401825189590454e-01,-2.4276627600193024e-01,-7.1102023124694824e-01
