1.6839712858200073e-01,-4.1458159685134888e-02,4.9157732725143433e-01,1.0700895786285400e+00,-8.9374864101409912e-01,1.5714880228042603e+00,-5.2413541078567505e-01,8.9382849633693695e-02,-5.2557903528213501e-01,-4.0724050998687744e-01,-6.0106068849563599e-01,2.3035264015197754e-01,-6.1595100164413452e-01,1.6367362737655640e+00,-1.6905257478356361e-02,1.5247335433959961e+00,3.4876993298530579e-01,-2.7281646728515625e+00,1.2293971776962280e+00,1.5968117713928223e+00
2.1313626766204834e+00,5.4481154680252075e-01,1.2419805675745010e-01,3.1662294268608093e-01,2.6338479518890381e+00,1.6031028032302856e+00,1.1249393224716187e-01,1.6077488660812378e+00,-4.7039537429809570e+00,1.1333082914352417e+00,2.9955369234085083e-01,-5.3527957201004028e-01,-2.7999615669250488e+00,-8.3571451902389526e-01,-1.3845162391662598e+00,4.7478145360946655e-01,-6.7618601024150848e-02,-2.8389132022857666e+00,-1.6116168349981308e-02,8.4634369611740112e-01
-3.1408303976058960e-01,2.6376110315322876e-01,-1.7305991649627686e+00,-1.6163953542709351e+00,6.4418351650238037e-01,1.0675748586654663e+00,-5.0711554288864136e-01,1.7367147207260132e+00,1.0989455133676529e-01,1.2810517847537994e-01,-4.5783445239067078e-01,-2.2631797790527344e+00,3.1581246852874756e-01,-3.2649998664855957e+00,-9.2183244228363037e-01,-7.1165037155151367e-01,-1.7129144668579102e+00,7.3084987699985504e-02,-1.5325992107391357e+00,-3.8346403837203979e-01
-1.1957889795303345e+00,5.6632906198501587e-01,-8.4787480533123016e-02,-3.7217733263969421e-01,-3.1034238338470459e+00,-1.0390996932983398e+00,9.7547000646591187e-01,1.6436152458190918e+00,-1.9074220657348633e+00,1.1673818826675415e+00,6.3995426893234253e-01,1.2242420911788940e+00,-8.0085754394531250e-01,-2.9793474674224854e+00,1.6095033884048462e+00,6.6548031568527222e-01,1.4983150959014893e+00,-3.1051902770996094e+00,1.7214111983776093e-01,-1.4478137493133545e+00
-4.3574491143226624e-01,3.8531887531280518e-01,2.3719868659973145e+00,-6.5215486288070679e-01,-1.4520171880722046e+00,-5.2348232269287109e-01,2.2355882823467255e-01,-5.7191491127014160e-01,-4.3163797259330750e-01,6.3850539922714233e-01,-2.0749972760677338e-01,-1.1522306203842163e+00,-6.7536467313766479e-01,-5.6672897189855576e-02,1.3860992193222046e+00,-4.4378835707902908e-02,-6.0201889276504517e-01,1.4505785703659058e+00,-4.1615180969238281e+00,7.6651889085769653e-01
-6.9790273904800415e-01,1.0242862701416016e+00,-4.9235308542847633e-03,1.0997829437255859e+00,6.1294400691986084e-01,-1.6424571275711060e+00,1.0236570835113525e+00,1.5490061044692993e+00,5.2508461475372314e-01,1.9574874639511108e-01,2.2404210567474365e+00,6.1422097682952881e-01,-1.2968842983245850e+00,-2.2111775875091553e+00,2.1455696225166321e-01,5.3396612405776978e-01,7.3594045639038086e-01,-3.2495823502540588e-01,-3.9158567786216736e-01,6.7599278688430786e-01
8.8934141397476196e-01,1.0404257774353027e+00,-1.3985079526901245e+00,8.8241302967071533e-01,-4.6206280589103699e-02,-3.1958588957786560e-01,3.4652256965637207e-01,1.0601055622100830e+00,1.0559703111648560e+00,-1.0342938899993896e+00,7.2553521394729614e-01,1.8867244943976402e-02,-7.8204876184463501e-01,-2.5762648582458496e+00,1.3559058904647827e+00,-1.1070259809494019e+00,-1.6828771829605103e+00,-2.3113435506820679e-01,1.3779191672801971e-01,7.3506140708923340e-01
-2.2285606861114502e+00,2.0598160102963448e-02,1.4529941082000732e+00,-1.0437976121902466e+00,7.8126311302185059e-01,-1.2248795032501221e+00,-1.1630940437316895e-01,3.3680021762847900e-01,-1.7946814000606537e-01,-1.2818979024887085e+00,1.7573393583297729e+00,-3.2787716388702393e-01,1.6669321060180664e-01,-5.6802034378051758e-01,-4.7169873118400574e-01,8.7864536046981812e-01,-5.0683122873306274e-01,1.6041094437241554e-02,7.8987896442413330e-02,1.7736321687698364e+00
1.4128801226615906e-01,4.5923778414726257e-01,-7.0147687196731567e-01,2.0148968696594238e-01,-4.8538440465927124e-01,-4.8804828524589539e-01,-1.5914648771286011e+00,-6.9193649291992188e-01,6.7363750934600830e-01,6.4085155725479126e-01,6.8724161386489868e-01,-6.5116161108016968e-01,1.0028836727142334e+00,-2.4529246985912323e-01,1.0284141302108765e+00,6.1861913651227951e-02,7.4072343111038208e-01,1.8853365182876587e+00,-1.2700142860412598e+00,-9.8174475133419037e-02
3.5197848081588745e-01,-2.1693190932273865e-01,6.7641854286193848e-01,-1.3740358352661133e+00,-3.0894646048545837e-01,-1.0463366508483887e+00,3.1038671731948853e-01,-4.9847096204757690e-01,-1.8211321532726288e-01,-2.8269487619400024e-01,6.9432085752487183e-01,1.2366619110107422e+00,-1.5142583847045898e+00,-1.0133457928895950e-01,6.8661111593246460e-01,8.7957561016082764e-01,9.2791813611984253e-01,-3.1236660480499268e-01,1.2873620986938477e+00,-9.4351994991302490e-01
-2.7907064557075500e-01,2.5515120029449463e+00,8.9496976137161255e-01,-1.9544844627380371e+00,-1.4055593013763428e+00,4.1688886284828186e-01,4.6783931553363800e-02,-3.6045667529106140e-01,7.9713904857635498e-01,6.6362011432647705e-01,4.9346396327018738e-01,1.1469165086746216e+00,-3.9069077372550964e-01,1.4225591421127319e+00,-5.0950855948030949e-03,4.2629900574684143e-01,2.2608111798763275e-01,6.8997651338577271e-01,1.6871687769889832e-01,1.9044716656208038e-01
-1.8954907655715942e+00,8.4605085849761963e-01,-1.1928105354309082e-01,-2.5848203897476196e-01,-1.0516004562377930e+00,4.5170071721076965e-01,1.4884874820709229e+00,-1.0627111196517944e+00,-2.9476559162139893e-01,7.6375043392181396e-01,1.5447400808334351e+00,8.2900053262710571e-01,1.2996397018432617e+00,8.8625413179397583e-01,-1.8003114461898804e+00,-7.9256838560104370e-01,-1.0471229255199432e-01,-6.5288025140762329e-01,-2.2755581140518188e-01,-8.4153008460998535e-01
5.2426606416702271e-01,2.6461571455001831e-01,7.7051955461502075e-01,2.1371893882751465e+00,-1.5757671594619751e+00,-1.0462937355041504e+00,-6.2617278099060059e-01,1.1925222873687744e+00,-8.7145048379898071e-01,-1.1147137880325317e+00,7.5176268815994263e-01,7.6695293188095093e-01,2.0766143798828125e+00,-1.4470088481903076e+00,1.0419536828994751e+00,-2.4609525203704834e+00,4.0579876899719238e+00,-2.7020349502563477e+00,6.8338185548782349e-01,-5.5100870132446289e-01
-8.0547535419464111e-01,-2.4278648197650909e-01,7.1696293354034424e-01,-1.0804364681243896e+00,3.6690823733806610e-02,8.4192663431167603e-01,4.8972621560096741e-01,-7.7701145410537720e-01,-1.2046422064304352e-01,1.9518201351165771e+00,-5.9930759668350220e-01,-3.2891511917114258e+00,9.3945705890655518e-01,6.6212224960327148e-01,-1.4628685712814331e+00,-2.5751144886016846e+00,-2.2347226142883301e+00,2.1958441734313965e+00,3.8306277990341187e-01,1.1420081369578838e-02
-8.6409324407577515e-01,-4.3326120376586914e+00,4.1084465384483337e-01,-2.0624217987060547e+00,-1.8750736713409424e+00,-9.4608688354492188e-01,-2.2684048116207123e-01,-3.7912768125534058e-01,-1.4588159322738647e+00,1.8033568561077118e-01,1.6064631938934326e-01,-3.0912387371063232e-01,1.1847357749938965e+00,2.2437436878681183e-01,-6.9129973649978638e-01,1.2443927675485611e-01,-4.6925187110900879e-01,-1.4251925051212311e-01,-2.4137376248836517e-01,9.8820614814758301e-01
3.6902934312820435e-01,-2.9139838218688965e+00,-5.0193226337432861e-01,4.5722526311874390e-01,-1.5778502821922302e-01,-4.2487573623657227e-01,1.0182105302810669e+00,3.3569902181625366e-01,-1.2659567594528198e-01,1.0349599123001099e+00,-2.9510352015495300e-01,-1.3889403343200684e+00,-3.7738597393035889e-01,-6.3351684808731079e-01,-1.4948301315307617e+00,-1.5344574451446533e+00,9.1699892282485962e-01,-9.0307414531707764e-01,-2.3538248538970947e+00,-1.3874102830886841e+00
6.6675406694412231e-01,3.4744858741760254e-02,8.0594915151596069e-01,-1.2538154125213623e+00,2.2574473917484283e-01,-1.2911084890365601e+00,1.2969862222671509e+00,-1.2303193807601929e+00,-1.6922597885131836e+00,-9.6030950546264648e-01,-3.4340441226959229e-01,1.6510081291198730e+00,1.2355289608240128e-01,1.0939196348190308e+00,6.0731166601181030e-01,2.2063109874725342e+00,8.8711124658584595e-01,3.9300348609685898e-02,1.8016443252563477e+00,-9.6536153554916382e-01
1.7615633085370064e-02,3.5879549384117126e-01,-2.6135587692260742e+00,-1.1187016963958740e+00,5.9504508972167969e-03,4.1016471385955811e-01,-3.4965890645980835e-01,2.7158731222152710e-01,-4.5806711912155151e-01,-2.5373628139495850e+00,-5.7671588659286499e-01,1.2534819841384888e+00,-1.3742232322692871e-01,-2.3585413396358490e-01,-3.7643745541572571e-01,1.4642266035079956e+00,-1.0987663269042969e+00,-3.4236866235733032e-01,8.8008922338485718e-01,1.5336245298385620e+00
-1.8217760324478149e-01,-5.1651096343994141e-01,1.1360592842102051e+00,-3.9126300811767578e-01,8.5844568908214569e-02,-8.0956465005874634e-01,2.3269200325012207e+00,-3.2924431562423706e-01,-2.8938037157058716e-01,-1.9833832979202271e+00,5.0246244668960571e-01,-3.1103712320327759e-01,-2.0466853678226471e-01,-4.4807802885770798e-02,-1.9210922718048096e+00,-1.9019418954849243e+00,-9.7799175977706909e-01,1.9992896318435669e+00,-1.4139056205749512e-01,7.2742509841918945e-01
8.1391298770904541e-01,3.9089030027389526e-01,-1.1637588739395142e+00,9.7593981027603149e-01,7.0017993450164795e-01,5.6008809804916382e-01,6.2530122697353363e-02,-2.0414328575134277e+00,8.5067260265350342e-01,2.5994357466697693e-01,9.1451650857925415e-01,1.4488304853439331e+00,-5.0648385286331177e-01,-6.5620207786560059e-01,2.4565485119819641e-01,-5.6823575496673584e-01,-2.5597677230834961e+00,-3.3472940325737000e-01,7.9962986707687378e-01,1.3618346452713013e+00
