-1.4829220017418265e-03
1.0113168954849243e+00
-5.9100023008795688e-07
-2.8720777481794357e-03
5.9263205528259277e-01
-3.0024558305740356e-02
-1.4583105221390724e-03
1.1768016815185547e+00
-3.2042220234870911e-02
-1.4725587097927928e-03
-4.4213831424713135e-02
1.9523169994354248e+00
-2.4891443550586700e-02
-4.1479475796222687e-02
-2.1352145820856094e-02
-6.0168810188770294e-02
-4.0321048349142075e-02
2.0029722154140472e-01
2.4392943084239960e-01
-4.9395039677619934e-02
-1.4950675540603697e-04
-4.6050425618886948e-02
-4.3048568069934845e-02
-4.0422394871711731e-02
9.9538022279739380e-01
-3.9177396615741600e-07
-3.7068951874971390e-02
-6.1547737568616867e-03
-5.7110659778118134e-02
9.9225538969039917e-01
6.5554761886596680e-01
-3.0540632084012032e-02
-3.0112065374851227e-02
-2.0204942673444748e-02
-1.1555032486398886e-08
-1.4560746960341930e-02
-2.2215215489268303e-02
-9.9945142865180969e-03
-3.6644477397203445e-02
-8.6765121668577194e-03
-2.9616298153996468e-02
-4.6287465840578079e-02
-6.1900168657302856e-02
-4.2491639032959938e-04
-1.5567259397357702e-03
-8.1550367176532745e-03
5.8092314004898071e-01
-1.9162170356139541e-03
-5.1277526654303074e-03
-8.4746545780944871e-07
7.9655051231384277e-01
-6.7354732891544700e-04
-4.4553775340318680e-02
9.7057044506072998e-01
-3.6899883300065994e-02
1.4206430912017822e+00
4.5276436209678650e-01
1.0590927600860596e+00
5.8794289827346802e-01
-5.5252440506592393e-04
-5.2461635321378708e-02
-1.2599633075296879e-02
-4.0944322943687439e-02
1.0706944465637207e+00
-4.1708350181579590e-03
-2.6183534413576126e-02
-1.1631178864490721e-07
6.8713188738911413e-06
-4.9972839653491974e-02
-4.2378932237625122e-02
-5.1406953483819962e-02
1.3295229673385620e+00
4.8889446258544922e-01
-1.9677273929119110e-02
-6.2387225625570863e-05
-4.8544783145189285e-02
4.1238698363304138e-01
-8.8151600211858749e-03
1.3416327238082886e+00
-8.6685184896850842e-07
5.7052487134933472e-01
-7.2066223947331309e-04
4.1232556104660034e-01
-5.1285978406667709e-04
-4.7037437558174133e-02
-4.5475147664546967e-02
-2.7011422440409660e-02
-5.0435603043297306e-05
-4.9060382880270481e-03
3.5519713163375854e-01
-5.5411357432603836e-02
1.8684703856706619e-02
-2.1126752719283104e-02
1.3360035419464111e+00
-5.3931634873151779e-02
1.0551035404205322e+00
-1.8790245056152344e-02
3.5984203219413757e-01
-5.5638685822486877e-02
-3.7593945860862732e-02
-4.9188986420631409e-02
-2.0632395520806313e-02
-4.8241510987281799e-02
-6.1441755860869307e-07
-4.4214185327291489e-02
-2.0799977704882622e-02
-2.2500711565953679e-05
-3.8098879158496857e-02
4.9625077843666077e-01
-5.5162176489830017e-02
-1.2544442142825574e-06
-3.6491127684712410e-03
-3.9676038431935012e-04
-3.1310580670833588e-02
2.2857610881328583e-01
-2.4652313441038132e-02
-2.0450100302696228e-02
-1.0532732121646404e-02
1.3151789903640747e+00
-2.0101096481084824e-02
-6.2353715300559998e-02
1.2028297185897827e+00
-1.3673817738890648e-03
-4.5055620372295380e-02
7.9209780693054199e-01
5.6989985704421997e-01
-2.3100180551409721e-02
7.6699596643447876e-01
-2.0793007686734200e-02
-2.3133700713515282e-02
-1.4574020169675350e-02
-3.9694987237453461e-02
-4.8444198910146952e-04
-9.8015489056706429e-03
-2.1482490003108978e-02
6.9217002391815186e-01
-7.8907422721385956e-03
1.2659002542495728e+00
-1.6044339165091515e-02
-1.9231043756008148e-02
-1.4425596222281456e-02
-4.8285871744155884e-03
-3.5060260444879532e-02
2.2880952060222626e-01
-5.6627251207828522e-02
-1.2075253762304783e-02
-1.1830047005787492e-03
-2.4391982704401016e-02
4.9081623554229736e-01
-6.2706621974939480e-06
-2.8352062599878991e-06
-4.7176867723464966e-02
7.9538089036941528e-01
-3.8710281252861023e-02
1.7921291291713715e-01
-4.3547274544835091e-03
-8.3478109445422888e-05
-2.5228265672922134e-02
-1.7033036798238754e-02
-3.6144565790891647e-02
-1.6697311075404286e-03
-2.7381524443626404e-02
-1.0085307992994785e-02
-3.8968496482993942e-06
-1.9696298986673355e-02
8.8192832469940186e-01
-1.8722953274846077e-02
-2.9544038698077202e-02
-6.3103519380092621e-02
1.2815098762512207e+00
5.4922527074813843e-01
-2.2202182561159134e-02
5.2110701799392700e-01
-2.0866850391030312e-02
1.0092012882232666e+00
9.0991008281707764e-01
7.6382511854171753e-01
-6.6436391534807626e-06
5.0662910938262939e-01
-4.3305877596139908e-02
-1.0227673687040806e-02
-1.3089970685541630e-02
-1.6955560073256493e-02
-1.2812992790713906e-03
-4.9596376717090607e-02
-1.0317317210137844e-02
1.5687615871429443e+00
4.7085762023925781e-01
4.5040139555931091e-01
-1.0275915265083313e-02
1.3405545949935913e+00
-1.4890928287059069e-04
-6.2534521566703916e-04
-1.3401424512267113e-02
-5.1543902605772018e-02
-8.8160065934062004e-03
-3.4395597875118256e-02
-2.2024714780854993e-05
1.3918980360031128e+00
3.3701243996620178e-01
-3.5894688218832016e-02
-3.0867806344758719e-05
4.6893963217735291e-01
-2.5098647922277451e-02
-6.7725870758295059e-03
1.7053096294403076e+00
-1.4583066105842590e-02
-4.5422352850437164e-02
-1.2088494841009378e-03
-3.7475368008017540e-03
-2.7998846024274826e-02
-1.8843329744413495e-03
9.8800921440124512e-01
-6.3978962600231171e-02
-2.3126188665628433e-02
-1.6723055392503738e-02
-1.8749782815575600e-02
-8.1603752914816141e-04
-1.6512343659996986e-02
-6.3227815553545952e-03
-3.0476231127977371e-02
-2.1573273465037346e-02
4.3307408690452576e-01
-4.4209081679582596e-02
1.3741645812988281e+00
-3.9876387454569340e-03
-9.3473931774497032e-03
-4.7903567552566528e-02
-1.9647529348731041e-02
-4.5079633593559265e-02
-5.0105545669794083e-02
-1.0289550758898258e-02
-1.1056542396545410e-02
-5.0838187336921692e-02
-5.5742148309946060e-02
-6.6580942075233907e-05
-2.2266505286097527e-02
-5.8473844081163406e-02
1.4520193338394165e+00
-3.7860360462218523e-03
-4.5493144541978836e-02
1.6189258098602295e+00
7.9295599460601807e-01
-1.5519072249503552e-08
8.1767344474792480e-01
1.4049910306930542e+00
-4.8957446097119828e-07
-4.0341682732105255e-02
-2.3235548287630081e-02
6.7684292793273926e-01
-4.8564784228801727e-02
-1.4467143046204001e-04
-4.2515270411968231e-02
-6.0028719772731165e-09
2.4224194884300232e-01
4.2200571298599243e-01
