-5.8931857347488403e-03
-5.4199837148189545e-02
-8.8357497006654739e-03
-4.9509536474943161e-02
-2.6854516938328743e-02
-4.0435679256916046e-02
-5.0283990800380707e-02
-3.0996698886156082e-02
-3.4998521208763123e-02
-4.6067111194133759e-02
-2.4781432002782822e-02
-7.9918047413229942e-04
-6.8917490541934967e-02
-5.7227741926908493e-02
-3.2372355461120605e-02
-2.9554102569818497e-02
8.8167934417724609e+00
-3.6709684878587723e-02
-1.4628620818257332e-02
-4.8762835562229156e-02
-6.4858607947826385e-02
-4.5316647738218307e-02
-2.8305524960160255e-02
-3.2119508832693100e-02
-3.3807784318923950e-02
-7.1910291910171509e-02
-2.4094192311167717e-02
-1.9067905843257904e-02
-1.3018894940614700e-02
-6.3787400722503662e-02
-2.3722080513834953e-02
-2.2172549739480019e-02
-3.1280752271413803e-02
-2.7472605928778648e-02
-9.1001726686954498e-03
-6.5599265508353710e-04
-5.9414994902908802e-03
-5.6078143417835236e-02
-3.8920780643820763e-03
-4.2525891214609146e-02
2.2608072757720947e+00
-8.1666760146617889e-02
-4.9432311207056046e-02
-3.9350539445877075e-02
-3.6148406798020005e-04
-3.7010446190834045e-02
-8.1721268361434340e-04
-3.4022424370050430e-02
1.6727812588214874e-02
-6.9200567901134491e-02
-3.1470354646444321e-02
-2.0874261856079102e-02
-3.3295650500804186e-03
-6.4638726413249969e-02
-4.6104609966278076e-02
-9.0340798487886786e-04
-5.2929416298866272e-02
2.3936881124973297e-01
-4.1024973616003990e-03
-5.1224354654550552e-02
-1.7239166423678398e-02
-3.5707622766494751e-02
-4.1478794068098068e-02
-1.8781293183565140e-02
3.8860135078430176e+00
-4.3808158487081528e-02
-3.2204676419496536e-02
-2.5699166581034660e-02
-6.6928021609783173e-02
-1.1906205676496029e-02
-1.4792886562645435e-02
-3.5911940038204193e-02
-1.5000192448496819e-02
-4.8686187714338303e-02
-5.3089465945959091e-02
-4.3361932039260864e-02
-1.8134012818336487e-02
-5.9025980532169342e-02
-1.5971153974533081e-02
-3.5680197179317474e-02
-2.3566009476780891e-03
-8.1012425944209099e-03
-7.2644069790840149e-02
-1.7572119832038879e-02
-4.7415062785148621e-02
-2.3198481649160385e-02
-4.5272722840309143e-02
-4.7656968235969543e-02
-3.8854815065860748e-02
-6.1273217201232910e-02
-2.4751041084527969e-02
-4.6665955334901810e-02
-5.3772181272506714e-02
-6.7887298762798309e-02
-4.0837440639734268e-02
-5.5160984396934509e-02
-2.1050011739134789e-02
-1.6127701848745346e-02
-5.4076686501502991e-02
-3.5444058477878571e-02
-5.5223602801561356e-02
-3.1836796551942825e-02
-3.2745659351348877e-02
-3.6931566894054413e-02
-3.0503265559673309e-02
-5.2216600626707077e-02
-1.2950884411111474e-03
-3.2689560204744339e-02
-3.0748504213988781e-03
-1.9934451207518578e-02
-3.4234151826240122e-04
-2.9961166903376579e-02
-2.1961288526654243e-02
-1.2131488323211670e+00
-1.6240924596786499e-02
-2.2740278393030167e-02
-1.1302311904728413e-02
-3.9565332233905792e-02
-1.6365119954571128e-03
3.3228930830955505e-01
-5.9453364461660385e-02
9.3485945463180542e-01
-1.2895417399704456e-02
-9.6322083845734596e-03
-5.0914133898913860e-03
-3.4327965229749680e-02
1.0667612552642822e+00
-2.0337127149105072e-02
