-5.8142912387847900e-01
8.2660287618637085e-01
-2.5068065151572227e-03
-6.9841179065406322e-03
3.5849170684814453e+00
-2.3100445047020912e-02
2.8133335709571838e-01
-1.1576117249205709e-03
-2.6702260598540306e-02
-2.4175006896257401e-02
1.7069853544235229e+00
3.0688309669494629e-01
-1.1070548295974731e+00
-1.0335181951522827e+00
3.6593341827392578e+00
3.0350670218467712e-01
-3.6698285490274429e-02
-1.4969636686146259e-02
-1.1785358190536499e-02
-4.3785415589809418e-02
-1.7322746862191707e-04
-1.4551231637597084e-02
-9.7208442166447639e-03
2.5480076670646667e-01
-3.1845264136791229e-02
-5.7327419519424438e-02
-2.9794573783874512e-03
-6.7305684089660645e-02
-3.3141247928142548e-02
-1.6182724386453629e-02
-5.1415599882602692e-02
-3.2579720020294189e-02
-2.4474179372191429e-02
-4.5049283653497696e-02
-5.5770903825759888e-02
-1.7519727349281311e-02
-2.0133301615715027e-02
-1.4952570199966431e+00
-3.3267692197114229e-03
-2.7398027479648590e-02
-2.5800194125622511e-03
-3.4940715879201889e-02
3.0305244922637939e+00
-1.8128957599401474e-02
-3.2788971439003944e-03
-1.7912069335579872e-02
-3.5735808312892914e-02
-3.1438075006008148e-02
-9.2012894153594971e-01
-1.0461927391588688e-02
-2.3335572332143784e-02
2.8135573863983154e+00
-6.4464914798736572e-01
3.9230732917785645e+00
-2.1664826199412346e-02
-3.3750239759683609e-02
-6.7035821266472340e-03
-2.7078422717750072e-03
-2.2245114669203758e-03
3.0477406978607178e+00
-2.4209767580032349e-02
-4.8803663253784180e-01
-2.1217115223407745e-02
-1.5627834945917130e-02
