-1.3926845975220203e-02
-9.1168498620390892e-03
-1.3517409563064575e+00
2.2208156585693359e+00
-3.0848748981952667e-02
-4.2927622795104980e-02
-1.0385376401245594e-02
6.8590760231018066e-02
-1.2832976877689362e-02
-9.5433555543422699e-03
-1.3272332027554512e-02
1.1115058660507202e+00
-1.4724361710250378e-02
-1.3915263116359711e-02
-5.7664294727146626e-03
-8.4005855023860931e-03
-5.3651932626962662e-02
-1.1953090317547321e-02
1.0320051908493042e+00
-1.1073345318436623e-02
-1.2155234813690186e-02
8.8264632225036621e-01
-7.7338397502899170e-02
-3.8448238228738774e-06
-2.2533977404236794e-02
-2.6211256980895996e+00
8.0917531251907349e-01
-9.0284068137407303e-03
-9.3689691275358200e-03
-1.8591763451695442e-02
8.4127706289291382e-01
-9.4053632020950317e-01
